3475
2003
7217
3847
956
4361
7038
8885
7282
9574
1092
1793
6988
2373
1763
652
7974
6562
3381
5542
9253
4043
5880
1230
3728
7762
1748
6252
5585
278
561
7390
1985
7199
6574
9570
4414
1697
9190
7566
5476
5582
3109
6958
1154
2029
1258
6902
2532
618
894
6050
7666
4510
456
5738
861
797
7717
2378
8579
6865
802
2677
988
2226
1911
139
9032
9781
6046
5205
1496
1924
4564
6168
4442
117
8884
9906
8491
7123
6328
2473
1766
4675
34
8942
2648
1864
9411
2013
7062
5665
6153
4537
7388
4421
2759
7761
4548
1627
723
8640
8130
18
1775
6369
43
8832
9915
3439
5022
4293
8581
7602
4789
9050
8746
3941
7855
447
2969
3177
4723
4310
4023
9429
4367
3981
753
253
4035
9366
5435
3639
1336
1371
1058
4440
5109
5740
4000
2550
6078
3826
3018
6273
8826
5956
747
6798
5788
7081
9344
5129
8054
3020
871
7690
5490
9191
9080
6407
8229
8810
3369
111
6675
570
713
7541
115
729
4823
9209
8948
2409
8308
8405
4086
2296
3438
9378
5498
1972
6808
1351
3719
9261
2771
6802
7980
870
3782
2500
9959
8061
1974
3648
6443
7303
6200
3025
4213
9288
3270
4798
9848
1772
8809
16
5635
8712
6762
7646
2693
7581
8733
8510
6208
4523
5398
7520
8564
3186
7045
8840
5888
9497
7063
3044
7675
2219
4485
3168
4941
1315
2147
1549
2085
5701
46
9438
5269
4090
9769
1548
7565
3951
8178
9740
2287
3667
6009
6185
3341
6573
623
3414
4450
5293
3292
5509
505
913
2244
4327
5799
7281
9939
3272
4884
6222
2298
1677
1128
9260
7481
2999
4331
6199
1386
7147
850
3978
2807
8244
859
6074
677
3722
1377
1033
4761
2699
5159
7828
1815
5518
8006
9807
4174
3100
3788
144
4805
2429
315
448
8729
7696
3014
1893
864
980
9262
1658
7256
2596
4363
2255
3325
4059
2472
7018
6577
7026
8163
6184
2461
4750
2336
7850
4359
2148
6837
4684
9163
6936
6733
2911
1367
9947
4918
8873
4099
8151
5332
8360
3470
6951
770
263
9474
785
2038
4481
8676
2855
8876
1474
6706
2653
1662
4931
1139
8707
8226
1379
2364
3930
7218
5597
9837
8659
9448
2024
6931
6027
7372
7332
4074
5640
181
3064
6011
6831
4083
569
5466
9653
4448
8644
9161
3944
7958
5661
4949
3666
6655
7856
1364
9680
9921
7906
7272
5747
3870
8690
4800
740
1242
2281
2329
6705
5911
1444
1418
6261
5940
7832
9514
9535
5222
9379
9689
9341
8943
9085
1080
8782
6945
2951
7860
2680
7396
4683
5312
9319
8008
3787
7161
4911
5932
9974
3857
1303
8480
4501
7011
847
725
2525
9011
4936
1101
2940
7584
7687
5082
4358
4877
9970
4978
4424
3593
9614
6025
5468
6307
7209
8214
1961
7521
7179
1818
6367
3957
1266
3845
369
7700
3886
765
1932
9687
6256
5250
9715
2592
3136
9027
8966
1328
2005
2403
2034
9621
4873
8495
2010
8744
2130
1239
7280
9305
5782
6403
8573
8041
8335
5005
7253
6216
3568
4864
7197
1097
8797
2086
3065
2178
7307
6589
6939
1900
4979
4487
9005
7324
8880
3557
1032
4139
7382
236
6863
2122
7953
1272
5234
2418
4838
1324
6658
6296
5715
4109
9013
9659
2068
4182
8902
6769
7455
5008
477
7483
2888
8090
1008
64
4443
8602
4146
4005
8276
7192
355
2794
7211
2886
3881
7669
6326
6178
8153
4613
8190
4369
8436
7841
7193
1649
5265
1701
2549
1012
1685
5228
77
9844
3138
2475
8920
3710
3971
9053
1084
2328
8825
588
225
8801
1863
5353
2984
101
1814
4286
276
4111
2508
427
6000
2299
9146
6340
5310
1459
4507
2237
2988
8931
3912
1334
207
9002
153
2798
5339
4866
8589
8445
5209
3160
267
7432
164
5866
1801
8017
2585
4498
9593
4793
5964
8254
126
9187
6246
4270
8263
327
288
3742
8096
8960
6035
6570
8927
3947
3874
1898
9649
7431
4372
1713
2218
1143
7811
1176
6439
4629
3836
645
8330
3526
125
1842
6348
6166
3668
7454
2241
4017
6491
2139
4225
6322
1346
7644
9487
65
1356
683
4458
1267
2881
6956
3707
3862
8397
3322
4598
8693
284
4403
3202
5027
7151
92
4447
6618
4323
9348
9774
4352
6883
9622
4105
5235
8813
8846
6623
756
6164
5497
973
4980
1846
216
3673
3731
5909
7695
7901
7204
7792
3994
3659
206
5440
5865
5294
6083
6463
5521
6090
378
9303
1435
4290
2443
1585
9077
468
2778
9233
564
6306
6177
1302
110
5506
1668
7537
8219
3551
7070
1020
7843
5102
8890
7513
1758
3885
8527
2123
8739
7948
9498
1399
4246
1683
9519
4701
8009
7009
6692
150
7753
7591
772
944
7776
4579
7605
3473
7408
3428
5113
3927
6456
4662
7206
4303
5657
2444
7152
4236
2456
1628
6219
5732
6341
4698
472
3868
2519
7722
2228
352
344
7799
4654
9354
6613
3297
5436
6381
603
6632
2531
3800
322
8711
934
7028
8343
8051
7180
7683
19
614
626
3122
4231
2823
4128
8708
9372
9863
4324
5594
2929
2622
4232
583
669
4695
1016
5891
7333
6375
8117
1132
8294
4288
6062
6654
8803
7214
6635
2205
9521
908
6975
7503
8921
6983
1102
2946
7100
1494
5282
9485
2995
7880
3446
6701
7327
5875
2018
2905
5389
3507
8419
4900
3308
3041
2365
5598
7979
2884
6379
3966
4429
1054
2031
6149
9925
8213
9201
4415
9656
7758
2272
731
1664
4346
7703
6089
3549
774
2225
30
2032
5798
1029
1161
9083
1394
1741
4715
389
580
3595
2671
2662
1576
8792
8799
1301
270
5408
8345
9486
7228
6738
4455
1731
6417
4542
8156
7279
9718
3967
2128
7579
7355
3254
3497
5898
8441
3576
4142
4405
2313
7428
4747
6672
2334
4783
7073
7493
4745
308
8518
4602
8194
4364
8433
9692
1626
147
4565
6387
5760
4528
2046
3512
8981
2934
6620
8237
4710
2466
3161
5790
1512
2413
5632
3965
6887
6565
2118
5686
2637
9909
6175
2836
1282
8622
5470
9171
6545
6202
1948
9416
300
4039
9165
1286
8068
10000
4932
8791
6743
4472
6864
2419
5592
9547
1457
2084
75
4025
5605
897
8863
2067
8754
4080
2615
2379
3790
7978
8858
7048
6277
6913
3608
310
2747
2993
7175
7984
7401
2065
903
8553
6094
8127
7241
6270
4577
187
2607
8740
9908
1688
6350
2104
7636
3765
6378
9728
6904
202
3082
4795
8033
6154
9355
2601
370
2900
3908
8267
8571
7466
6007
8002
7960
5180
8317
730
2979
412
6877
5378
6661
8937
6242
5996
9763
2512
7298
7172
3366
4786
4607
2791
8473
161
9301
201
1222
3277
8243
8167
974
3180
5103
1640
3217
4484
1473
694
4131
1485
8149
1845
3694
6780
5523
8122
9976
6747
9643
7790
1199
2043
6631
1264
3056
377
8916
5847
4861
1141
3332
3237
259
6824
3606
4243
8632
2635
6678
1380
9452
35
3267
8087
8761
5969
6639
1185
68
1716
9048
9591
5162
9527
5992
8364
7613
4735
3334
4844
2249
1489
8388
3230
7286
7627
1809
8851
7654
4954
554
2101
4997
4677
4362
4855
6147
6136
517
5213
4658
593
2584
675
2058
1563
2765
5750
3170
7129
9923
8999
8984
6704
5176
7238
2537
6293
486
506
968
9415
4479
6522
9721
6608
7440
1027
2011
3604
2766
5291
5794
9965
9170
3956
5648
9092
2957
8743
1129
3326
5042
582
9668
6947
6614
4938
5580
2221
4758
890
298
6093
7277
5185
6714
3758
425
1053
6430
2843
3538
8240
9004
6225
7996
3976
689
2306
4895
5540
1768
385
1622
8497
704
4858
5368
7085
7232
6709
8261
1825
6410
7497
9526
1382
695
3636
4832
7976
7157
7728
9479
4219
7755
9798
2182
1753
4616
2138
2157
4030
3377
9788
2025
5069
8774
6955
6685
710
3989
7956
2659
4704
8296
9534
2815
4116
6699
7708
1443
6715
8323
616
3350
6423
3424
1708
5307
1613
2572
5561
6259
9315
1119
662
8539
6023
3891
2377
6788
9555
8793
7365
5673
85
4426
3255
4345
6595
293
7868
7865
2983
6315
7573
6724
5698
4335
8870
124
5769
6482
4482
5652
2641
7972
4048
7039
340
423
5627
834
6015
6560
8656
7735
7648
902
1732
6963
6421
7985
7143
2852
568
7490
4680
9392
9443
6120
6274
205
1223
1942
1530
4741
7527
3664
1718
3286
4511
7538
5253
4114
2212
2761
2343
3808
8816
6286
4762
4635
2487
9412
5807
5401
8392
6923
1460
9413
1871
4912
6670
1834
9007
6968
1561
9041
5925
5259
6700
5928
2795
7022
1432
4124
1491
5212
4466
9480
7564
7021
2545
1420
6648
5184
2907
609
6748
5839
3937
6847
4914
5211
7916
9905
5590
5119
363
2266
1723
4097
7273
2078
5575
4207
8232
800
7317
1350
246
4141
6965
8438
8541
8216
9813
6873
8508
9495
2126
8154
2729
3229
8320
9546
5768
9145
2335
3494
1856
3013
8120
674
9904
6119
8079
9380
2555
906
2707
1638
2186
1232
383
6526
3553
7406
9266
2180
8015
9996
1503
8788
4456
3913
5841
6642
1902
8843
1472
3085
3778
7951
6437
2588
4632
3050
3952
3088
7712
9670
5825
4963
401
2021
5816
8110
1691
2081
3784
2194
5111
4078
2889
7189
941
4490
3127
5792
4159
5014
3416
1171
2645
2039
1083
7434
8369
5404
4969
5260
5243
9204
7371
5960
2242
953
1476
1795
2917
3798
1224
5763
6703
6894
5106
7803
3789
4280
8181
8121
1519
2007
6927
7415
1735
5949
8027
2341
7182
6207
2620
2297
156
5926
6792
5904
9504
2970
5885
4423
776
9701
8062
6172
2678
3625
1116
3933
5410
6465
1225
6137
6304
8555
2862
6501
3319
6828
4709
2701
4478
750
4568
530
9153
7154
4827
6181
3838
5050
9101
6236
9564
1450
8757
1600
6784
2191
3139
6288
3647
7127
5977
2338
7471
4051
5347
430
4075
2451
6934
9589
2581
5391
8383
2513
3455
1478
5166
7024
4340
840
1362
2047
3575
231
8891
5690
7500
510
8195
8256
6898
9195
24
1666
31
4091
6031
5277
243
1471
3141
2698
182
929
503
238
104
6721
3670
5599
1299
6165
5155
6882
5062
6890
7635
6689
7276
6240
4267
4483
5331
165
9180
6142
7588
549
4842
7692
4252
798
4653
9081
8600
9957
6337
8583
2273
993
1289
9642
3002
9775
3529
6140
440
2569
3422
3542
3867
1526
3004
9971
4011
2711
4058
3067
9510
2604
5549
8607
7839
311
8199
2121
1064
2008
3786
81
5766
8955
1734
9801
3076
4337
1345
4967
8609
9441
2036
5670
6363
9375
7934
7751
4595
1291
7670
5495
6170
717
9447
6964
5500
7263
8667
291
8783
7478
119
3306
5239
3973
6878
708
3590
8025
3793
8274
5633
7464
8588
3780
9554
8016
3815
1511
9321
7970
5097
5377
5685
4291
3627
8853
3069
9796
3191
9181
8887
1375
3781
5116
2534
2748
6530
8635
4453
9644
6435
1686
6673
7225
5479
7526
2875
8344
8741
9854
4589
6462
7831
8230
5094
1746
3410
8728
2848
783
3864
9509
2184
7842
3492
2954
8889
3072
1750
2204
4651
6657
5123
8499
9216
7348
1554
9084
5351
788
3990
3103
6880
1262
6324
6100
5504
4865
1726
9477
9540
6144
3756
2268
4547
3814
6205
3102
8235
9254
4738
2279
8280
4817
2977
1593
7849
9671
768
449
4230
2080
5773
9704
7142
7949
6396
9700
3837
9884
4475
7720
1479
8848
4770
7278
2410
3633
7801
9913
4946
642
3984
3063
7450
8124
5856
8185
3545
1514
8112
7210
2134
3173
1926
4769
5415
346
9287
1665
9488
2871
9666
2717
2427
2177
6943
7656
9363
7545
8428
4135
6974
3121
5672
1904
1724
4166
4499
7923
1995
2112
26
4964
1559
1829
3544
5161
630
7353
264
1689
2234
1498
8052
8914
1326
1970
1941
6135
9639
905
239
9803
7773
6583
6586
4797
3829
9016
9089
4092
3194
3432
4527
873
3843
392
4355
5744
8409
8500
6309
6949
8751
9350
4909
5132
3062
4402
234
9241
2354
4409
1310
4255
8578
5979
7845
3842
6053
5441
5876
1754
525
8521
6051
9872
9916
8200
4702
9282
5165
7133
1005
6413
4393
356
3320
4952
3734
8362
2042
7346
9405
538
384
8406
7186
3450
8217
9360
1767
3733
4189
6569
9719
516
5551
8978
8691
7928
8189
4588
831
208
7245
4553
8755
9660
2626
3678
2345
193
4818
1762
8384
5203
9309
7883
6821
5356
2897
3612
1802
4522
2312
9364
3751
8647
4636
32
8585
3095
2695
3347
7469
4314
8550
1918
6957
3638
4681
9879
659
2851
8462
5142
9849
8736
3914
9397
312
5814
6519
5596
5318
2258
5920
9553
6414
9052
1528
2809
9664
8697
2368
3866
8258
6230
6110
445
5254
3089
5915
1700
2111
5808
2380
3356
446
5383
8794
9193
8161
6295
6584
4046
5372
2640
663
9337
7512
4133
5957
1288
2502
7015
28
2422
8333
1149
5206
6103
7866
2325
6171
3896
4302
2066
2936
244
4638
2681
7665
809
654
7532
1652
3682
8624
7423
331
435
7697
2551
7402
6076
9174
7227
5501
4184
4438
6627
1669
7624
6480
2752
9859
5198
7559
3763
1776
3703
9691
341
8307
8530
9467
3466
8382
3034
8210
7853
7083
79
241
3329
940
991
5148
8998
4562
1030
6839
4145
1445
7017
9395
170
1040
761
7163
1210
5890
2069
8642
2788
6763
5450
5463
7220
8735
4813
5273
8496
2431
3203
9581
7872
7467
5748
2131
4007
6750
1118
6383
5584
8926
7202
3760
7292
5480
7311
4606
335
7208
5169
2113
933
738
1914
1976
4892
3895
8209
4599
6097
8946
8603
629
2704
2247
6248
5958
2679
2741
8010
2023
8431
3374
3124
7270
6265
8769
7345
4376
1003
2300
5812
6452
577
5007
67
4226
5858
6106
6352
5286
1276
5432
937
9398
8929
3901
1079
8796
2333
3698
1050
6506
5726
2291
6946
5944
380
8040
9518
5064
3614
5822
720
106
9918
1577
1167
410
8450
9068
1967
8379
9568
5569
4446
9929
2214
476
6368
1707
9657
3547
4987
757
7284
1369
8576
73
2311
849
1122
4248
4668
2932
6429
3483
6251
7153
6001
4155
6250
9384
5431
1648
7990
4535
627
4505
9224
3574
5424
919
5393
6924
7777
9184
1878
2083
1889
9247
7791
4999
4971
2278
9064
5394
8484
5197
6660
2514
3517
1759
5403
3701
6138
72
8766
2976
2926
1509
6013
4370
3801
6238
3823
1177
6292
1043
2908
7634
4785
8932
7817
5526
5505
5031
4272
3898
4843
8472
5220
9040
8187
2751
1950
6445
5299
9827
2240
4457
5828
7392
6228
1747
6814
9710
6323
8137
3495
8953
1052
1188
8422
3779
4809
9969
7660
647
4125
2868
2538
3421
2877
3086
6008
5707
3327
2193
1339
5325
536
2286
4561
6448
6221
1917
1136
6736
2690
2896
9230
2366
3950
7713
7458
3943
8679
2906
197
2493
5035
3114
1680
3135
4696
1580
1579
9953
3906
3904
7680
9215
9431
7770
3543
3371
4774
755
5797
5515
5091
1123
7108
8964
8148
6432
2564
1048
9205
7657
6770
1455
6212
3622
8901
2987
9423
7944
1263
4754
3863
45
44
6302
148
4787
3855
9897
5076
2392
8775
920
6104
3174
918
6908
4742
6845
1306
7734
314
9240
8350
3502
7679
9511
4307
84
2437
8116
2947
6521
8525
5047
2457
5583
7077
4284
491
4322
4515
9302
2271
5464
5363
3785
6239
3293
3776
4398
2656
9532
4494
7787
1209
9143
6651
9730
6327
2052
8949
5848
4357
837
9713
7864
4572
1205
3746
6010
6854
5671
9694
1916
9688
4743
8126
6029
7413
8857
3150
1395
2730
1462
8972
9986
2071
8095
5953
2317
8572
1388
5725
399
387
4883
7285
6371
93
307
1096
6469
9134
3031
2697
8779
4545
4216
4905
579
2497
9607
560
9843
4862
3741
8660
8580
989
6726
6806
2960
7181
6400
1584
6683
8847
7301
8005
2945
3266
3958
3527
9168
3963
4441
362
1322
9978
8888
3571
4794
3960
2768
4477
1452
5429
196
5680
9818
195
6489
6875
7830
7076
8391
3602
8507
8291
5
2859
3431
7248
1980
805
4763
2434
9149
8404
4386
9100
4766
3525
5454
7065
3323
4095
8882
2168
9870
8752
617
3729
2420
5267
9536
3562
5373
5536
741
1088
6915
7603
896
2095
6121
7169
133
8940
66
1847
8913
2638
455
952
986
806
9839
539
4508
5375
9404
6886
8055
2727
3565
9151
95
8029
8049
8544
3598
2527
9450
1109
4103
5386
212
640
1488
6740
1881
3291
2535
6365
3923
6310
4378
1868
3142
9792
5202
4354
5606
8372
5662
9627
334
5252
5711
7614
4480
55
9552
418
3156
3887
8385
5263
9167
1529
5258
5392
6901
8705
4072
6
4688
3564
3714
3916
8212
191
1884
2821
1981
6442
2491
7829
6621
5988
222
5385
5397
8425
2073
5321
9036
7084
3389
8756
2959
5571
5945
5545
2507
7266
3354
9338
8786
8131
7519
6593
3655
9579
590
6411
3204
4396
7959
5400
2416
7184
5916
4816
8082
4202
6118
5527
7329
8643
7688
2163
4009
1779
7374
6473
1106
7000
4647
2391
8356
3353
5117
1690
1615
862
348
5362
982
8363
544
5986
1604
2468
5189
9617
4165
5241
6311
7336
4620
771
3443
4725
422
8821
2863
4130
2442
5405
7515
6201
2734
2107
8166
4063
271
39
2739
9727
1250
5223
3605
2709
5224
9676
2115
9176
3105
2436
6389
9729
1469
7838
4751
7473
6629
6982
1206
4694
3256
9994
4882
142
5543
4148
6357
7509
5626
5896
6455
5210
893
9903
749
2636
3888
664
3246
3491
5138
1421
227
5296
9235
9582
4521
8864
4190
3893
7661
109
9028
74
7023
3045
6128
9111
4546
9888
2557
3400
8099
3182
6533
6330
29
6267
6717
6829
9819
1357
4730
1804
2797
4671
2041
5579
4920
2009
8093
7087
5020
8511
1913
7356
9771
8278
9019
6836
8355
5452
4416
88
167
874
145
6516
3232
735
2486
4712
4194
4560
1792
7915
3953
4574
1255
832
8811
7246
5225
4687
1120
4319
7733
1885
3588
7742
2539
4108
5757
8514
5636
2985
5755
9056
458
8205
8652
7736
1023
4982
4981
7160
3154
8313
4867
4154
2447
4767
2445
6940
8239
1886
1867
6773
3216
4093
9239
8768
8898
7501
5983
8233
2953
712
9460
8800
2213
5379
7542
1231
9893
4820
1055
3199
6486
1595
8351
9059
3988
1290
5984
5412
8694
8269
5871
1320
7391
3378
6794
682
1570
3737
3164
5946
3396
1695
6783
5999
498
5982
5167
5011
9432
7414
4934
8064
6512
6598
8939
4550
7918
1710
2904
453
3075
7822
3983
6669
269
3572
3634
9464
78
5641
279
5149
2915
5994
6211
2407
2344
7693
5902
853
8605
5557
8381
4821
7049
6977
3290
411
6048
2404
6611
7259
5187
9148
3316
8463
8332
6401
1943
6487
2567
151
8606
169
1541
8277
5214
868
8403
6377
9115
5068
5547
3479
9390
3077
2510
3632
4278
607
1159
9102
8255
825
4626
3980
1807
7052
8114
6158
1933
2899
7894
6867
9619
8830
1349
2762
3850
7779
9252
1555
9394
6405
9462
7800
1145
1880
7224
143
5681
6636
8933
4460
7946
1103
4974
7373
8242
4188
9295
5541
2161
5872
4530
9280
6425
9071
8300
9108
1982
6755
9454
1347
4919
9074
2320
7095
318
1332
1833
8408
9762
2763
8692
6358
9968
5001
5384
9483
5687
5870
4417
5270
4392
3372
4989
8805
2574
8702
2295
1992
5439
1393
4689
294
6231
7809
5193
8193
5533
509
7575
6816
2316
9112
1566
7917
9910
9325
8368
4759
7439
3262
9087
7453
2694
2629
1190
1094
7555
2195
6856
1739
3258
9960
2050
2188
2558
9890
2770
1374
2668
2499
8182
1038
8265
6772
2257
1169
7212
5844
6695
452
8983
3672
7422
1930
9845
6285
54
351
7484
8995
5703
6134
7254
285
6459
60
1800
7
3023
9597
9156
8633
9236
866
4670
6888
9220
2405
8282
9159
8532
7739
8899
6985
1002
2818
4336
4618
5758
8067
4968
4791
3167
3116
9140
7601
3
7667
5502
3573
6855
8400
9899
1422
7380
7684
2916
1312
8241
5221
2933
6450
403
17
3134
6203
9132
9428
2570
6862
8374
7833
4497
5115
9078
4260
357
985
8625
3825
8262
9314
2253
7166
1782
4942
790
6944
1259
4988
4555
4065
5824
8790
7782
4539
949
5754
7570
4851
8538
7785
3098
27
8183
559
9992
6434
343
8934
5457
4298
6422
3201
9611
2805
292
1025
8074
817
1358
7265
1207
1385
6502
305
5516
5674
2554
4558
1484
2880
4728
7550
7882
4387
6353
2209
2793
6647
332
8906
7623
261
5921
2301
3692
3601
1292
3480
6052
2561
8570
5941
7677
4258
2283
3486
7046
950
9817
2176
961
2395
1552
2385
515
5491
2357
4326
9120
5071
7358
7190
5124
8053
8637
5647
7759
7066
1894
876
9709
3245
1146
3771
6373
6645
128
1069
5586
2866
6485
5329
4955
3223
8389
2361
1644
8000
909
7435
8260
7437
4749
8861
2820
2874
1284
5704
61
1396
2914
3016
4209
4660
6024
7267
7744
7546
9030
3268
2991
7597
6457
8426
5319
4897
3920
8789
8614
9868
976
1298
4985
98
932
6468
5160
4329
9920
2657
6727
5016
1465
5785
9333
1410
7252
5300
4713
3683
391
2590
9203
3835
6114
2231
3539
5141
8470
4459
2524
3879
4859
9816
3110
3919
4489
9924
414
1361
9356
8281
8730
546
6790
8829
2521
947
7547
5637
6040
6992
5562
2913
6722
698
2597
6950
9065
803
4664
1899
5024
3515
8808
3289
5360
8674
3644
527
5991
5937
6993
1405
1915
5196
9832
8398
1620
7663
5382
9599
9269
8246
5519
7418
1261
2383
8259
9082
5578
8994
5842
1341
7649
4070
7823
9637
9810
6917
4411
1745
8314
7994
2582
5473
5684
4734
4208
9778
727
7947
4430
7826
8481
7014
8162
7664
943
5158
7871
7805
855
2756
4371
7816
4241
8439
7861
1858
8238
3225
3585
4087
8453
7419
4890
4593
1696
9885
3126
8556
7288
8695
2887
992
8836
4153
2832
3693
2474
816
4650
971
3819
6766
6146
4924
4663
8316
7859
8630
9699
6633
1743
9336
6716
2103
1673
6870
5693
3222
2639
2425
1134
4686
4129
6937
121
860
6391
7587
5275
9286
4488
9264
4444
2878
3039
9124
2076
3165
1430
7524
6693
2814
2870
3012
1921
9695
9154
2627
4157
8893
3889
5233
6409
7622
6320
737
3087
6844
4673
94
7047
6116
4652
2504
6284
8586
5734
5883
4611
2428
2322
9672
4512
3794
2446
3108
2769
36
4857
2948
5453
1165
4906
5303
9635
3373
6492
8866
405
3931
5762
8915
4343
6384
4452
528
863
4379
1935
2183
3597
3181
3411
9940
7086
9516
6045
2396
3314
7313
8559
1039
2370
8575
5309
716
5445
2192
360
592
3463
2349
1831
5998
6960
1252
1859
7702
5131
3878
3802
1253
7705
2757
5976
6260
5330
8464
9820
742
8159
1994
2314
8248
6962
9231
2051
6032
9424
5593
9629
9987
9524
2939
8986
6659
6640
7639
4002
6525
2048
3294
6768
8845
4582
1761
6548
2982
381
4948
1962
2179
3511
9563
7347
6833
3569
8969
930
5434
1510
5514
6173
5833
7207
321
5345
8688
4333
4732
6329
9835
1806
9565
3448
8680
2082
945
5065
3970
9277
4881
9804
8071
3335
4102
7375
5486
9095
2692
5602
5705
8985
4306
9229
4151
9779
2175
4814
8030
6735
9998
9641
7971
9517
6610
4973
1803
9198
3042
7992
9592
9824
3249
2728
8608
8504
8938
2088
9401
6553
6730
1007
7441
2035
990
3363
230
551
8534
7379
3506
4321
6676
1830
4586
3909
8599
3205
9557
5678
5216
9200
7109
7804
584
3854
1413
7177
2894
571
53
4841
6796
2141
5002
9306
6433
3382
977
8202
3894
7155
1000
5304
5882
722
1180
9066
4100
256
1204
4204
1922
1988
5080
6566
2800
4237
8211
7492
8665
7099
1453
2033
9662
4024
500
5070
9889
9440
9177
188
4468
9453
714
6446
6515
6361
6464
7812
4250
1009
2975
8443
9484
9222
1481
5821
1674
8407
9217
3671
5832
3247
7721
5023
745
5696
644
3404
7030
5324
6643
8460
8353
6493
4289
8
8842
8482
8396
6712
1810
4223
3106
1193
6928
8594
8959
2397
4118
5722
1619
9541
9951
7814
7462
7954
4802
6333
7834
2452
7606
2469
8142
8164
9304
7716
3791
4138
5130
5456
1381
3685
8123
3187
8467
7531
1671
6707
2089
3513
3688
5093
3132
5864
889
7476
7460
2721
9995
6899
5134
376
8681
2470
228
5861
4156
5281
6579
8778
2942
402
8136
3080
2826
5164
1111
2367
4038
9018
1785
9492
5145
3749
5650
3890
415
8072
2633
5576
9359
7781
7626
651
9551
7620
8776
2433
4940
2623
2990
6756
1400
5177
4697
2691
621
3464
4604
5100
3586
2303
7110
6332
830
1719
3599
3959
1866
2803
724
9883
1712
7618
325
2754
1426
6989
7258
9296
3213
5778
4994
3376
7888
6316
4365
8753
8204
1573
8444
2149
6665
829
6749
1852
5581
9150
7362
177
3757
5901
6271
3810
8856
2172
5912
7983
421
4788
9381
2518
6767
2331
4276
6210
1717
3872
3876
1104
184
9370
8234
3493
4518
433
2978
6851
6582
4106
9529
3111
1542
1196
7240
556
474
6112
4262
5884
938
3399
965
8547
7637
9459
7425
2599
5826
4962
4953
5341
2489
8311
6278
213
1821
9445
4977
2143
5867
6291
5931
9006
6997
6591
9623
9759
7765
4094
1781
6781
3458
1329
4221
2603
7494
8956
5419
1440
5105
7877
8772
8328
1977
2332
966
4641
4571
8505
2737
1449
5862
678
534
4122
4341
1018
9173
5240
3578
6876
9967
1047
1887
7973
4534
6346
3024
2840
5893
9020
3128
1670
3352
7927
1816
4915
3799
4596
7451
2575
5460
4028
3418
1777
8947
2611
9490
9753
578
1411
4717
6269
6125
2196
8273
9747
2921
3228
7903
7689
3468
7191
9437
8551
63
2553
7096
9886
9086
9091
1794
2702
7496
6127
4136
9179
2663
807
1698
8390
7752
9634
5638
8727
89
5753
9842
9681
9160
6235
166
1056
8412
112
1516
4782
7769
702
7384
9327
6444
4069
5349
6811
6243
7445
8817
5853
3961
7242
3753
1248
2745
4960
407
711
9914
9826
7706
4034
8780
7999
7269
5354
2743
6187
7726
1722
7967
6719
4107
1300
5371
5195
5811
3871
1034
2634
606
3033
1458
7757
7530
5052
925
4041
4183
2758
7427
4996
8952
1907
2430
20
6996
5857
8715
41
5168
5655
998
6061
96
5032
5423
5000
3822
5645
7216
8357
6782
2705
4435
4079
1891
6849
9811
4344
8582
2488
4824
8610
2222
8013
2414
1888
3727
364
8393
3026
7438
240
8601
4825
6546
7754
2647
5639
6753
62
4247
1534
8988
1770
7897
2245
2650
6500
1978
7188
5462
9645
1
154
9214
3066
2347
4066
921
5461
1861
7475
171
8477
9561
2100
9802
9533
309
3235
8557
9586
1331
685
8342
6162
2718
5939
2310
8158
2928
129
8749
3175
1553
4211
9598
6578
413
4197
4121
5914
1544
8869
2146
6605
4676
7939
5692
9137
1200
5443
9320
9482
8077
1423
1335
9867
9993
2217
1603
2930
6194
6440
634
8629
2495
258
7223
2787
9374
1194
2275
9003
1571
2327
1307
9669
1280
146
4765
1480
1837
9979
5194
1256
6505
7449
3946
2030
3028
6249
4563
9117
5340
2779
7902
3856
5107
7952
4847
2145
4342
9096
8520
4874
5266
1099
6662
3342
1508
6006
7342
2854
7221
2093
175
719
2642
8724
1174
324
9895
4622
1221
5173
5739
3968
5416
6406
7930
4053
4839
9958
367
6002
2465
5499
7561
1675
5830
4170
9900
672
233
163
1706
3149
6366
5556
3233
5316
8814
8174
5835
2099
7105
5649
4238
1883
4947
5530
999
2224
6073
2318
5146
3561
70
3603
4205
8434
5135
6507
8143
8924
6879
5034
2919
4799
7290
9631
8844
8475
1137
1535
404
3652
436
4516
487
4729
1608
4193
1787
1483
1500
51
4917
209
1316
1235
567
3555
5420
901
7867
3190
7607
4880
8725
9283
9079
7715
5095
6905
6426
8100
4779
454
9604
1218
1004
3311
9573
7264
8466
4923
9444
5154
7260
6044
7244
6563
3558
9104
4158
1843
7275
9116
1906
6087
7034
6538
6105
5796
160
3380
5152
4399
9291
2453
4215
7051
7489
6933
5737
4486
3459
1164
8115
1215
9754
5552
2358
8824
499
537
1774
4119
8186
2189
7815
4886
7998
4860
3058
5656
4082
2594
8787
9470
7727
3283
7173
9874
242
2153
349
6774
5019
5352
8271
5227
3774
2254
5908
5118
7088
8056
1828
80
823
2583
5660
5997
7134
5421
8207
4718
3330
812
6800
9093
5967
138
2750
3226
5708
9014
9234
6301
1254
7908
141
6638
2417
8279
6615
4045
3006
460
2096
8533
5092
8437
7659
1078
5077
4720
2274
8140
462
969
1594
4804
6799
3298
7741
4261
7442
4970
7367
3434
1208
2144
7111
3119
2408
5525
691
13
2098
7322
5417
5278
8284
9213
7079
2267
3873
6075
3261
2348
1184
9158
1044
127
140
4257
8141
8420
5595
333
8973
9650
3027
9329
8208
9249
4552
5151
8819
9383
7080
7737
4520
6941
4958
3546
2796
9651
2658
3394
3642
1520
6906
8036
899
7912
7097
3759
7835
2203
2876
8132
3143
6257
7938
2220
2825
5137
7027
9073
3812
1011
437
7836
1811
8180
3392
6954
1705
459
7571
1799
1019
8157
9340
8531
2901
7114
5208
5367
6454
6386
2054
2696
6550
3772
6791
3505
7463
7995
9944
3043
4879
5322
1636
3061
7862
7239
1365
69
3915
7774
3433
585
2223
6477
7416
8963
2853
744
2198
2077
7873
9873
4585
4500
7941
409
6542
5658
5604
9633
697
6488
9271
4541
4010
8001
5374
5510
7963
7231
8626
804
8971
4318
1162
199
881
2688
2135
3995
9128
3296
8590
492
8004
3304
7525
471
3312
4706
1729
3011
6018
7993
2892
3471
4044
3997
7919
4353
3613
9147
9829
2017
9243
439
8967
5618
9898
1041
4849
251
3504
2516
8506
6145
7784
4744
299
555
3133
9539
1964
6723
1912
6404
6041
4678
5390
4601
1949
5889
342
1415
8221
9500
1304
6832
3349
9196
6198
1629
838
758
886
7895
3274
6152
7361
8494
7137
3910
9661
1166
6617
8203
8957
8612
8661
6687
5924
8498
255
4328
7870
9757
8092
7907
3437
6713
5323
2170
2646
1507
8649
6161
9263
2150
9403
8833
8993
2941
1402
6825
2459
1035
7554
3423
8663
1354
5376
1072
7283
5952
3809
6764
1499
2381
3860
1702
8907
6580
8024
3388
1138
1195
6043
1641
8339
8925
48
6775
2037
4621
4266
2834
8423
5292
6702
4927
6183
1568
8574
978
703
1317
5612
5735
6827
9624
2049
9508
4796
2568
3669
3510
784
7763
1067
3339
5771
655
4406
7335
6167
3338
5087
8458
2109
7297
4413
4022
4633
9255
5546
5894
463
6148
417
420
4764
8818
7945
3358
9317
1068
764
1952
8270
9572
1947
3461
3019
7783
6810
4902
5522
3645
1523
6536
1244
2723
4643
1849
892
6215
9207
1203
8107
3686
8996
8324
5140
7653
5927
4806
1956
313
5544
2573
3328
7798
6503
5513
4473
3689
8732
5868
983
550
479
1212
9926
6547
4375
7230
3212
5015
6893
7330
3303
336
2927
9973
4944
684
641
5226
4253
4526
7459
5183
573
3619
1590
6213
9276
5669
7914
8065
7035
130
1412
9455
1518
9866
994
1551
1296
8331
7767
457
5863
4600
6182
5511
1928
8227
7044
9663
7376
673
4639
5009
6664
3462
8370
1869
8537
7194
5564
1838
5492
9887
4699
4667
7061
438
2842
5742
6159
2158
5731
9871
1651
4256
6942
8468
473
1989
2849
1997
2616
8706
8310
8892
5601
8618
5947
4549
7219
3147
5297
6852
9133
52
4637
7658
5120
5720
4829
8737
8719
4519
9345
877
1855
6101
7364
4224
1074
7383
2643
8936
9463
2062
8097
3317
1931
2337
615
9571
9545
6846
6599
4708
7403
8587
2578
5689
9737
9427
4418
5437
6197
3178
8346
7534
1133
5311
8042
3208
2955
1589
1144
7352
14
4776
984
9991
2263
217
9722
303
5045
2369
6976
3313
3767
5913
9250
3907
9300
6122
9846
843
6830
1391
7293
2885
8827
4277
7120
2785
9954
3938
3309
7931
6416
5053
9562
5860
7641
4771
1592
5006
2498
5143
736
3736
9743
3905
9560
6345
5407
6080
8037
666
7213
9298
2277
954
8060
3022
3288
4397
3651
372
2813
3097
9228
9590
6511
4104
9328
289
7135
7302
6813
7616
326
4325
5483
4591
8293
8687
2589
3626
4163
4373
7911
4027
87
1383
6646
7069
7986
6529
8540
3370
478
4465
5334
8620
1198
6150
6634
9322
3005
2958
6973
6174
4993
5181
8402
5621
3818
9135
9426
9578
6948
9875
8501
379
2651
9188
3531
8414
707
287
4908
9408
5414
4777
9679
649
5700
3821
5306
7535
4559
6028
6427
2503
8720
1714
5607
4939
8807
7472
1667
2238
15
9855
5614
7878
4206
9042
2359
8868
9814
4812
1389
5236
4032
9308
4965
7858
345
1610
5230
8723
9917
9797
2812
8611
3902
5749
1749
632
1360
5336
2674
3001
6484
2925
9675
4311
9049
648
2963
6972
529
5122
7987
3705
4160
2706
83
3676
2580
7968
1536
2833
9362
8066
1283
3046
3548
8421
699
5190
907
2903
5950
1851
4746
7305
3594
4015
6742
2792
1260
7115
6299
1108
9744
2536
1901
7896
6091
7091
4042
2883
5905
6896
6513
7678
587
4888
709
6920
3859
5548
6354
8522
4320
636
1660
3467
9278
5634
9070
4529
2323
5388
4617
5682
3630
5850
2971
7056
2321
1403
9746
6496
5838
3900
1112
9499
4926
220
5088
9237
1969
7261
3387
329
6331
7012
7325
3362
1295
3032
3131
3248
5066
1623
9442
2981
5810
1522
6866
9152
5446
3661
2801
4315
2652
183
4634
3417
845
1909
5271
9972
9248
5017
3563
9389
9850
1100
4437
296
8839
8655
7714
2937
789
5746
3620
8992
4196
9058
6820
7552
8524
7628
7694
9836
8451
3348
1797
5418
2390
2151
7295
1646
9334
3496
8236
3635
6294
8045
8395
9658
4368
3445
701
987
5013
7429
1441
9109
5104
3211
1755
7334
5975
3451
9613
7676
5786
9942
8616
5475
4014
8361
9244
7064
408
563
1645
2676
7308
6318
9268
869
548
2060
8646
4531
7128
8977
1569
9838
9046
5484
494
5608
6909
8196
7287
8567
3035
2530
2605
721
3880
9425
1285
3972
9075
2004
4285
8509
1784
5568
9155
38
1934
8683
7144
6744
290
7306
469
2074
2973
1504
250
3435
3145
6978
858
8968
7881
9371
3359
9853
1752
8636
1448
8784
8951
8773
9948
895
2523
2102
2389
5061
4185
1197
7957
9284
6483
2546
9257
4831
7574
5355
4889
3040
3051
898
8909
1798
5342
6069
2808
4772
4921
9031
8759
7943
2426
6680
57
9584
2162
7961
946
6338
8577
6885
1564
7090
9335
2187
3516
8918
2672
8490
105
5723
8365
8675
4836
5449
7118
7955
9955
1211
9285
9830
1126
6777
7821
6757
4612
1857
6872
6088
5044
3831
330
8562
9316
541
5003
1234
361
1179
1681
4173
1275
9396
9169
2360
4377
3408
7544
1397
4790
7387
8529
2227
4570
9506
6376
8474
8452
9206
9211
7729
2167
628
1257
856
5395
2517
7341
5369
5411
2944
5764
8701
7116
4127
2731
3679
4870
5934
1429
3535
6047
6819
7846
9439
3654
8144
4835
5570
5625
4198
1098
2108
3550
1442
6079
4249
396
7149
2276
3806
1826
3036
1309
5759
8373
7060
2710
9141
5609
3129
3221
6004
8835
186
1147
9475
5409
8760
2492
5780
9936
2685
923
911
2440
4682
4502
3282
3528
2839
1720
948
9542
9225
9219
6677
6268
4001
820
5827
6666
7718
4330
4810
8621
6616
6481
5357
7412
8349
9981
1614
5128
1827
4239
4975
6587
3393
1273
1313
2920
3367
7448
2400
828
2867
9297
3073
2753
1760
6478
5192
7647
6049
282
1862
7796
6102
155
6151
4525
600
9880
6554
4625
8883
5191
7146
3658
6910
7962
2173
9919
2079
7847
2961
3188
3084
2562
7977
8427
5485
9210
23
1963
6588
2943
9608
7583
6474
7750
8875
9351
2861
917
8103
4916
7436
3929
4366
1428
8896
3101
6290
524
2994
7775
7819
2844
6684
7122
5980
9825
8592
6907
3521
1131
9626
5961
8982
3955
6397
6653
6344
2476
8563
3577
8019
5710
1756
9265
5683
3924
841
1436
8465
7338
8566
9044
3695
3665
2480
2125
8371
2631
888
6826
6058
4316
1637
1062
1269
8867
9787
6995
5274
9841
8102
2725
5963
5611
2398
6359
136
572
7887
1148
3152
4469
9232
8738
6467
3253
7514
8118
6494
5147
5086
9192
523
8380
9523
514
2070
2802
5616
5629
8542
8820
3285
6969
7582
8975
9985
4898
8091
8128
9469
5317
1095
5767
955
5709
1214
5654
1241
9259
9496
484
2097
3773
4400
3828
5675
7876
4740
7766
5972
4872
6364
470
8852
3299
1788
6313
7321
2712
1437
9726
3769
7989
3481
2998
1305
7461
6652
9768
5301
3179
9831
8709
5610
5892
7452
6335
5276
9118
5995
7540
2828
891
6258
1456
1246
972
7905
1124
6349
6438
5919
3974
5987
5101
8872
2315
2324
667
3207
6109
2439
2669
872
1191
8376
9720
3747
9414
5465
6115
5962
2667
9458
7904
7567
2260
1142
1740
9894
2621
6916
900
7201
7645
6728
5451
4575
9388
8147
5157
6786
9436
8865
2496
5923
6063
5805
5712
319
7495
358
5038
4199
8301
9684
3629
6303
5907
283
2462
9430
7711
726
2579
1370
7691
7314
4801
5653
4391
5478
4098
6787
2614
3657
4171
4404
1227
5813
650
9869
5532
602
5096
4509
5574
3587
1796
7456
6853
3532
2847
8334
159
6858
9756
3607
2910
1387
9783
9786
8133
9799
6107
5713
9752
1093
6795
6746
6961
8771
6253
7351
6392
1117
5090
6160
6012
4360
9750
9313
480
102
2956
1616
2471
9932
4006
3942
9772
3732
6739
5628
597
884
9242
9281
4081
8871
1085
1407
681
3219
219
5717
4062
3591
2565
6889
6594
1813
9127
9938
8672
6255
631
4707
7486
8502
5153
4724
1630
6765
2893
7966
8519
4180
610
4003
1546
1840
1751
5558
5751
1572
118
9139
1586
3824
5396
4470
4057
8979
8321
1024
7709
5806
3948
9353
9478
6036
3184
9166
9094
3155
9022
3768
3700
854
2467
4084
8894
566
8375
2289
2481
8855
1087
7465
9410
3189
9349
5219
3409
9881
3241
4259
7294
9465
4463
4054
9029
8340
4115
6581
2918
6186
5507
5313
2371
3130
5083
5298
4431
6644
8306
5508
7340
1983
7040
7053
7924
7171
1656
1216
6479
7071
1077
8911
9777
4235
1633
5171
1944
5524
1353
9963
2155
5084
6869
9892
3762
353
8165
6624
1925
7309
5699
2232
3485
754
7682
5567
9246
1771
3833
5381
3386
5929
1091
4251
3848
960
9434
2774
4850
4584
8726
6527
8987
8516
8047
1639
7289
2835
5873
6967
1631
8945
2210
3641
1991
6325
4907
9505
5851
5041
2733
1951
7480
4986
3478
5730
1957
5051
3489
8958
2799
4471
1791
6797
9391
1434
9382
6650
8366
1877
224
7854
3610
9172
2156
8617
2200
7145
1659
464
7650
2683
3195
2726
8879
9419
1634
2776
8224
4711
9418
7730
791
2817
9999
1993
3345
5733
7482
6280
5028
2938
490
3457
4432
6970
2974
6374
5150
6418
9705
5048
2040
6656
3420
4144
9575
562
2700
4819
4012
5078
7900
7988
4733
9021
7612
5039
620
5560
3071
9057
6305
8253
5308
8113
8554
4161
4275
2602
2441
3263
5268
4214
9138
4959
8440
4464
3209
7997
6842
3273
7586
4317
6556
5840
7101
9275
6720
6033
4644
3977
7698
2846
8517
8177
9748
2860
5930
9393
9583
5026
9636
5099
8106
3975
9864
7020
2720
5059
6514
9610
6275
6637
643
4856
3079
846
4603
7421
5679
214
3250
5512
3740
3321
4134
3474
5073
6298
857
1026
9780
5442
7562
3716
2449
811
8446
2608
1960
4642
9808
390
2137
7409
3401
9647
6065
6319
7457
6431
2559
306
9707
9758
6952
5724
1647
466
3884
1468
8488
5837
8023
7921
2666
995
7237
8823
1953
3008
6834
4669
4242
5248
5846
1892
1725
8850
7113
1955
1373
2027
6068
7560
3663
5399
1482
5666
6351
8386
6979
9342
8111
9703
9766
252
5752
5447
3426
5081
9630
5257
2675
2305
7247
6005
2902
204
482
7810
4273
6139
3403
8565
5366
2356
5139
2002
7662
180
495
3395
4937
4891
8549
8080
4845
4956
6895
848
5136
1682
3783
6938
5793
2742
8684
2290
6694
2114
3704
1475
58
3192
7315
7964
5978
6108
4334
9950
9099
8367
9616
388
4640
6441
8762
5036
5970
7797
9739
8486
9733
8597
3617
6785
8094
9501
5801
3649
3596
178
2782
1277
6204
149
6334
5954
8704
4026
7743
8312
1987
7891
1274
221
7536
9183
7389
2872
9326
3183
8252
1384
2001
1582
7407
2140
6308
824
1431
762
3333
1490
6630
2264
6066
4513
5817
9618
2154
5718
3662
1376
7898
4722
274
8057
4615
47
6059
2556
535
8654
6592
9543
9185
8548
5563
8631
5004
2057
2740
3816
2804
5060
9738
8627
3402
9178
7271
2239
1152
1596
1187
2142
5663
5072
6603
2415
5314
7594
1822
3514
4195
4666
3925
2326
547
8250
5256
2845
3442
8171
3153
1045
2087
2044
8997
97
6218
6312
1454
82
2129
2719
6111
1521
3453
1086
6402
9400
3107
3159
6372
1333
3239
7316
8168
8734
9047
9043
7082
688
3745
5971
2284
2160
9368
1219
4299
4852
4693
2478
1247
9984
3009
5204
4348
767
5910
4957
2464
5642
9975
7910
1850
3117
3996
915
4282
7935
2509
6534
3991
7863
4972
1156
5791
6761
9062
576
6014
5455
5333
4990
7102
8545
3949
3834
7370
3340
76
71
7417
3158
879
6038
3624
3754
5188
7007
9330
3162
3197
5343
5328
6752
1446
1618
9489
2165
4656
8900
7950
1182
7296
8747
739
4506
2501
9015
3849
7580
7094
958
4287
9847
6472
6129
4181
4152
1217
504
5736
1532
1461
1245
7756
3631
6196
2412
8543
7262
3615
6815
2485
9008
6244
2528
3083
8179
7848
7243
7802
3144
7806
4703
8710
7585
4149
7312
611
8225
8348
8197
3398
8722
7609
3243
4401
9716
4837
4233
7749
7106
1730
9949
4132
4382
1115
7909
8638
7596
1063
5783
9270
1968
6751
7517
4300
5630
1168
3739
668
1010
5348
1612
1936
9294
8175
7203
7016
8478
3882
6206
4700
4581
5056
7043
7072
7397
780
2952
3592
4434
8699
939
3271
9550
6064
9034
1624
7059
3355
7226
4811
9098
8377
2972
787
964
3104
2996
4268
1175
9126
1419
100
8584
7748
5948
7323
6355
9090
8170
4040
924
8686
4269
8378
483
1607
7042
5823
1517
9157
679
9456
4312
9001
5859
8558
3220
8928
6754
8418
3198
5756
6003
3447
781
4910
6388
1470
540
3260
6394
9343
2388
1082
223
4692
7913
3030
2340
9468
706
5600
7405
5818
8448
9119
7543
2063
247
4175
6476
2967
6999
7719
922
532
7786
5719
337
4143
8515
8991
3499
9417
518
6981
8034
6903
8223
6953
8073
7386
1220
4551
6725
5218
8287
3852
1114
2661
4727
7235
1228
586
7576
1463
9471
9877
2
5156
4126
9678
1001
8781
7156
5836
1319
9472
6126
9937
8974
4493
8591
2586
260
4407
4384
1574
7400
5029
836
7788
3792
5775
1635
6930
2890
2949
5881
3508
4227
9289
1841
9615
7738
7148
3827
3964
8561
6745
4628
6498
3049
5289
1107
9934
496
4567
5617
4943
5229
5589
1151
8905
8329
1684
4033
8085
3637
7117
8139
4780
5899
1293
323
1812
5776
5981
638
1028
7610
928
2673
5049
9990
9865
9587
2649
9017
2618
9858
5358
9741
9989
2689
5588
7055
1780
2950
5231
2989
9588
1872
9525
3536
813
3999
2252
99
8721
6817
8125
7098
429
9632
210
3795
3985
6809
6575
7651
2164
6085
5285
6604
3656
3441
2230
1075
8922
6759
8526
1105
2598
3405
9272
2355
5667
157
6287
135
1170
1340
1587
8283
4665
7631
7604
232
6568
6189
4220
8950
9197
1359
5489
2302
9352
6096
6095
9717
4281
8078
7942
91
8651
7167
7608
7002
5438
1875
1186
4192
7926
7320
9273
25
6042
3640
5895
8070
9088
2483
2261
6812
7518
2980
8904
7164
1565
6022
8685
9966
176
1390
8990
2251
6017
8639
2593
7874
9673
7920
904
5968
8292
5573
3275
9983
7255
887
3570
9876
450
2505
1202
9420
3851
4566
3926
6314
1189
7344
612
9891
3384
3454
4179
7126
368
7981
763
2000
1562
8021
3660
3730
799
3487
7778
9223
3206
3501
2997
5284
6490
9293
5623
8750
9238
2248
4292
2132
9595
639
3934
670
3383
769
1721
7130
1271
7399
8160
5659
2353
9731
6668
5677
1895
7655
8512
6321
970
4748
7430
7746
7360
1655
2714
3609
4773
3858
9764
7350
107
1060
3307
4899
2386
766
9605
8598
8671
8763
3444
595
5887
3231
9601
6026
5467
6843
7174
3932
6619
8089
6180
7331
3361
5251
3346
9776
4590
8785
488
6734
3584
6859
3921
6082
9267
211
7593
9793
5200
6807
8461
1447
5315
6282
257
9712
2600
4016
808
7446
6801
9076
203
1789
9795
1661
8595
5215
1817
5496
7875
3234
8668
1121
2490
8489
2612
5603
4308
3038
5245
7359
7074
9549
1140
526
4619
9026
5487
9861
6460
3674
2319
9387
2732
1414
5425
6549
4228
59
8745
5217
2644
5477
7820
7548
5966
9805
3365
792
1163
9856
1819
3523
8188
8666
883
3407
8596
4504
4517
22
782
9123
7104
120
5779
4705
1502
8459
9481
49
8930
653
2576
7394
6509
565
6279
5729
6690
7318
3537
6420
7704
4775
7200
1598
8028
1338
3709
8206
9113
8394
9596
2891
6991
3244
2986
3922
3210
4467
6412
9800
8076
599
605
4760
3172
8628
8841
1281
8456
4983
4933
7165
7937
5855
4410
5481
4594
4187
6034
4350
9060
2384
5831
2670
6297
7354
338
6823
3301
7578
3406
2246
1071
1715
1938
4474
2790
3687
426
3711
8698
8035
2438
4830
1611
7162
4313
3412
2857
6551
6245
3560
4554
7426
6016
822
598
1337
1790
4533
5025
7398
4162
7008
8935
4380
963
4685
1368
248
3715
7879
5302
1513
7652
5787
6543
7795
7590
935
819
743
3935
7337
5305
304
2119
6179
4047
3987
613
9941
4624
90
7393
2206
3540
9544
7681
8700
1243
4609
8767
8970
8424
8822
4052
9221
3554
8492
8069
4050
931
5772
6625
6925
8088
1737
2735
1738
3498
4608
1192
9347
522
4338
3646
3010
5528
4071
4264
268
7533
8831
6163
746
1538
9646
406
6395
9698
1954
1998
9686
9227
6779
7185
3918
2529
7807
297
5741
1657
6984
7732
9930
3844
7187
273
1314
1545
3752
2022
5448
8228
265
365
3556
8401
9946
7001
4945
4295
9742
3413
2772
1344
8455
5179
2522
5651
1903
3090
520
8129
1372
7326
2455
5344
4503
3567
4826
6117
5774
1742
3449
3581
152
6449
3796
4137
4631
8777
660
5619
2965
3490
4853
5531
4037
2837
9103
5280
1404
8354
5182
4167
8634
1172
4569
3720
8138
3137
3452
3151
2236
7349
1238
7005
9785
6176
501
3360
751
8026
842
5624
8449
1240
7150
4297
7893
103
373
2764
7057
8923
8989
2736
1497
3680
5172
8215
4408
9690
4294
4737
1501
5207
9106
2831
2262
4113
131
4200
1920
9130
8758
4169
1363
2931
3820
6263
1556
1694
7516
6524
481
3140
4101
4436
431
4036
6641
6214
1823
2703
5098
8201
5900
9502
4659
3840
8645
5777
8358
5668
852
6926
815
9789
2571
198
7710
5089
2686
8081
657
728
2215
9860
676
189
7592
6155
2411
6558
8764
979
4935
4428
8917
557
2423
7268
2873
237
9446
6393
997
3007
4610
8417
8305
8770
8086
661
4427
374
3048
1853
1287
5125
5820
5201
179
5170
7808
4950
4245
7890
8336
2304
1910
7170
2515
8838
8908
3436
4419
12
4901
9548
9935
8849
4191
7619
6732
2185
1090
1327
1836
7424
6504
9045
2806
3611
3712
286
2511
3242
8881
3017
8613
2201
4254
6281
1575
3118
8886
2506
8134
1597
9765
3214
6919
513
4878
4412
8268
3236
4029
6424
2630
4655
4887
8670
8059
5643
1531
7925
1854
1958
9503
7621
3257
4309
734
5550
696
172
9435
4995
1632
680
7257
9009
5631
7385
9212
2307
1979
2628
3675
8536
5534
8944
6209
7176
2560
4420
6339
158
2406
1506
1477
1127
8569
1946
9567
185
5471
4031
359
8546
3331
9962
3623
8834
8050
1927
4425
1860
8593
5232
4580
4394
6871
8615
8411
7668
5370
8604
951
2346
9121
9357
2387
9683
6590
1022
2376
5237
3764
7556
7075
9609
3364
6156
5520
1870
9638
8098
3690
9035
7672
11
9033
8513
2448
5922
2092
3899
8765
1049
1567
2014
718
295
8678
1764
4885
1153
1663
4244
594
1130
5938
3091
8327
3215
6884
394
3469
7523
9531
5057
4646
3021
6453
6696
6597
4240
3482
37
2789
8429
7041
3797
9682
2882
6276
8003
5694
7013
8435
794
489
9122
5079
9365
5795
3813
575
9063
6086
7033
6921
8476
818
4390
9023
4013
8897
4573
485
591
8658
5529
2136
8198
9980
1237
4757
4961
4008
5676
8172
5422
1160
7539
1113
7975
957
3777
5974
9862
9977
9755
7632
7447
8677
760
3696
3265
2687
8568
7899
7991
9784
7825
2617
6428
4077
7969
9292
4576
6039
2421
9144
2028
1424
4491
7529
9794
2235
3600
1824
2542
2374
2715
371
5067
6336
4871
3509
3755
9822
254
8487
7510
7274
3375
8714
4514
821
4283
5538
3883
9556
9791
7764
1583
3284
6541
8108
8641
1959
3060
4476
6528
8048
4347
6803
434
6861
5990
9051
1046
7673
6232
2202
6628
3279
6686
5246
3841
1602
8302
8289
2269
5936
9749
8657
7827
936
3157
2777
6193
6776
6758
3892
5287
5644
8523
2216
4792
3865
108
7477
9513
7840
4120
3456
2869
5955
8022
2713
5178
3477
7444
2964
9114
4781
8954
885
7233
3259
1416
1679
4234
9922
2724
9072
7470
6241
3166
705
7885
3096
5770
1973
6674
1547
581
9307
796
7032
8623
8309
1617
2781
9896
9735
4301
687
5121
5765
1578
4061
3472
6932
9767
5472
4992
9194
686
601
5559
5030
6382
2352
3877
795
4894
2660
6518
21
7369
2061
42
8650
3534
215
2055
3875
8903
8862
3846
4854
4648
1515
398
4349
6436
4296
7249
6804
5413
1433
6835
1125
7553
9736
6360
9724
835
4605
4807
5985
2935
6037
1467
3427
6497
1308
2773
3093
692
3684
5943
8032
4454
2924
2292
2342
844
7760
3224
6532
6264
6966
6132
7507
2075
1839
6343
4645
5335
942
9107
5743
5264
5728
7234
2229
3390
4265
3015
5326
3344
6561
1844
1051
7319
4020
5320
9594
2783
5295
9226
5346
9912
927
2171
7563
5444
2006
7343
1089
7674
2856
3336
7291
8105
2090
5364
7549
5474
7029
6415
6510
3805
1966
7740
5993
521
8703
4991
1676
3240
2265
3939
280
6190
3738
7599
4332
6891
3726
9522
5886
8251
6124
2816
3037
4117
2864
9961
6020
6741
6220
6718
2072
3218
3618
6499
5350
5535
2811
1990
6021
6385
9097
190
7498
3081
1352
981
9175
5433
2450
7205
9067
5829
3295
2923
2684
9406
3146
3351
1757
5622
5063
9711
3055
3954
7780
3616
1609
7505
397
7250
7019
748
2619
1557
9451
5290
7025
8135
4492
7633
1820
2479
9714
114
8286
8075
5255
3300
9449
2829
6030
6517
8479
1999
9125
9012
5554
1865
6596
7617
1229
9697
4690
3238
3979
4067
6266
8272
5878
3541
4445
8859
9054
441
7699
5108
6224
2738
3803
6217
5537
3068
9734
6247
4848
3305
7818
4714
2181
6262
2767
4913
4186
1268
3176
2830
2424
5199
2294
3713
2838
3853
1525
7491
5935
5075
8184
1621
1013
6559
7103
5553
8713
339
6600
8218
9186
6054
8325
9576
1533
4339
2053
1342
4140
9725
6056
6071
3171
4274
9558
5691
4719
4736
9566
245
3385
3094
444
4840
6900
9339
116
4893
7551
9806
2339
2760
1971
4674
4627
6998
8731
4422
6070
9538
6408
2016
6540
4279
8673
2207
7433
3440
9964
7251
432
1427
6760
4229
9466
1890
8347
3750
1778
7300
9512
9901
5565
6458
4524
3488
2243
249
1744
9580
4374
6447
2655
4778
543
4922
9723
4929
2458
9602
5539
9945
4557
134
3650
9039
1487
6092
2595
2256
6572
3998
4998
9367
5849
6475
7378
558
7363
9361
9911
4112
6555
9105
2393
1539
5133
7577
6169
5973
2632
7139
6929
9358
7824
5037
9751
7852
6857
2543
3052
122
3169
6698
9933
3533
1439
302
7078
4928
4868
3911
4721
8018
1493
9685
9493
4896
8222
827
8912
9782
8910
3817
6874
8101
8748
347
8326
9654
4768
5361
9815
1879
9833
3982
6911
8815
3559
7506
3280
3744
1874
9323
3310
3200
6143
4583
266
2133
2166
7058
4176
826
2841
2159
8560
3830
7479
1251
9025
3580
9585
1588
5789
5854
1173
8044
2282
7420
1873
2208
7003
7857
7119
113
5238
1425
8413
7050
6254
9421
9927
2544
7168
6226
5249
9369
9821
2197
5359
5761
6019
8288
4433
6838
622
5469
9164
393
9142
619
7886
9834
1059
6081
4177
8742
3193
9667
9745
3278
9902
4222
2786
6557
328
4150
1236
7125
6347
7488
6552
2382
5387
6990
6710
4614
7771
4064
9761
6987
6157
6912
1765
4630
6731
400
7198
7747
5819
7982
671
5959
8535
9907
665
7851
5942
3697
4863
7368
6679
6663
851
7004
2105
3945
4904
6959
3691
8322
3530
8410
1037
658
6980
9024
3861
867
3706
3643
1897
8084
6850
7036
4951
916
8415
801
6123
7528
1643
2722
1773
7745
4449
8471
9202
3123
9628
8795
1650
9577
2746
1325
690
8020
5646
1908
226
2362
7229
5877
8416
7487
235
6520
3583
8941
4875
7178
1178
9620
5043
2966
8503
5852
1672
552
502
9625
6077
320
7511
5112
4828
2401
9332
7557
1031
6531
5327
4587
3903
2879
9407
3287
6805
3724
366
5613
5288
1495
9708
2962
9956
9537
9199
7236
6131
8837
6098
775
910
3725
5055
9515
3552
733
531
3315
5874
2309
9520
218
1110
5262
2909
8264
9648
3579
4930
8083
2540
2577
8318
6362
6342
7140
6571
56
2775
7468
7572
9878
5426
8653
6860
1832
8387
6234
1728
9131
3276
2169
4168
7411
1348
8457
1703
786
4055
6607
4597
6067
6778
2865
7159
5702
533
3415
3251
4846
9385
7328
9373
6994
2454
8290
2402
4439
9461
1606
5406
4304
1505
4096
2606
4731
1709
1835
4753
865
2566
8247
6356
1061
9299
4395
4172
9559
5577
8961
6622
3748
637
4018
6537
10
4966
7707
914
2435
8689
6935
1687
7724
7772
7940
8245
7589
6612
9311
2056
7093
4388
1699
3770
3518
6237
8104
574
5903
9038
1923
608
5186
6471
6229
2587
5727
5815
9828
8304
7731
3054
3148
3465
9652
2285
277
7138
2858
317
5046
2755
5897
5482
5802
6317
1945
2190
1986
2591
959
467
8012
2547
4217
3681
9997
6576
1015
7933
3227
2127
1601
6130
5247
6771
7067
1805
5244
4726
1919
3522
416
9312
7196
3397
8119
1233
2233
2308
2548
8717
7793
7642
4201
9245
3476
2174
9251
7869
8664
7395
8432
833
7629
6192
839
6113
1896
4271
4496
2494
3113
1929
975
7141
1021
5620
6057
6495
3429
1625
8338
9422
6711
1226
6606
1558
2708
9346
301
1693
1937
7404
8011
7195
1135
4834
7671
2533
8718
3000
3357
168
50
2110
8965
926
9376
9
2288
507
1939
5127
9318
7158
5503
1642
6601
272
5010
4462
4495
3940
8031
9377
4556
2482
6868
2541
2477
3702
9852
6667
2091
5843
5018
1599
4755
7813
316
9055
9324
2330
350
8860
3766
8812
2012
2020
2120
1279
2117
5517
5803
6419
7922
7037
4147
5337
3582
4356
4543
6084
2350
732
8399
6682
511
633
6602
9600
3003
1464
2898
9256
5918
6535
7794
8173
1321
8469
8648
7686
7630
2716
2399
1057
996
8895
3460
7522
5716
5664
1996
9433
5804
1711
4383
5879
7474
6793
5784
7965
6789
8919
354
6370
8176
9665
8275
8319
8298
6508
4076
9706
646
5012
40
1294
4592
9208
4049
5054
1527
2375
1581
9530
1155
3621
3917
5279
8109
9010
8220
6818
7936
3628
5242
9809
6195
3302
7889
3074
2064
9409
7598
3163
8150
6567
882
9823
3078
9677
545
2895
9702
1014
4385
5430
1537
3721
759
4263
7723
4815
3029
2432
9274
6283
6191
2045
3112
8716
4538
4869
3962
8191
1343
1654
6892
9612
4203
1278
3379
6914
7092
3993
4679
4305
9943
2624
2394
4389
9790
1183
8454
3484
875
8285
3343
5566
967
7929
2363
8980
542
4716
5144
4649
428
7611
7215
5126
4833
5906
7107
700
9189
451
1704
6729
5800
6585
4068
9674
5085
6461
512
7054
5809
2664
7615
6539
519
1201
9988
5869
7643
1653
596
3589
4657
9982
7701
3869
9928
461
5174
3057
5587
624
3928
7837
3503
773
6055
1975
4822
8430
1882
5021
9696
6708
2460
8877
6822
5338
4085
9182
4536
7010
6564
6918
1378
3425
6848
7892
137
7844
9773
8878
7768
475
9732
1066
6060
2211
1451
7443
2463
8297
7569
442
8485
2351
1392
5493
1323
8169
6470
275
9507
5572
5745
9840
4925
7366
174
8043
589
7031
465
4784
7124
3070
9491
5714
9310
7625
9882
3832
1036
8804
3099
6881
3992
5272
8266
132
33
2552
4984
4073
6223
1438
5695
1249
9037
386
4019
2682
4578
2526
1540
2819
8528
8046
1876
8854
2654
7112
793
395
9494
9290
3368
2968
9061
4808
7485
2609
5781
9069
5965
3839
5706
8669
6697
5110
200
3775
7299
5365
7504
6609
3677
9457
1905
4381
262
3717
2293
2625
9606
5917
443
8828
4212
5040
7502
3092
8303
8155
9000
7410
6300
4544
7068
5845
3969
8976
4903
6133
1486
8058
3318
4210
8806
6272
8295
9473
8007
9386
3519
3723
6681
2810
912
1265
8962
2822
7884
6466
1017
2259
1560
3699
5989
2784
8696
4672
777
7222
5615
8337
6141
9640
2744
2152
693
7357
8249
5114
1591
8802
6649
4691
810
878
8352
3986
3185
1065
1181
5688
8798
6671
5494
9136
7339
424
9655
7132
3761
6233
5697
2199
4123
8619
4
3059
1605
5074
8442
7685
3053
2280
7725
8493
7558
8145
3115
715
5261
5163
3897
7310
2992
192
9399
8063
1042
3804
9851
1808
3718
9857
382
9952
9812
2613
9569
2094
9476
9693
4060
2824
2015
1406
3419
3337
9770
6399
3566
4803
962
7121
8146
1692
1733
2827
625
3269
5721
7789
5427
4752
9129
7499
6737
9331
1213
5933
5402
2106
6072
4876
8152
3653
8682
4088
5591
1466
6380
8038
2665
1409
2250
3735
779
4351
3520
8341
7508
123
1417
6398
6971
3936
8039
6841
2026
3264
8662
375
2059
5459
6691
86
3324
1401
6227
7568
1270
6099
3047
2270
1330
1006
7304
5033
6922
2520
4532
1297
5058
5175
4056
2922
4661
7131
5951
4004
3252
8483
3281
752
9931
5283
6188
162
8192
497
1965
4540
1398
4623
1318
6626
1366
1157
4110
1081
635
1848
8552
3807
2372
6523
9603
3196
4021
1158
2019
419
3743
656
2484
1492
2563
9402
1543
6986
1940
4461
9528
173
3811
1783
9218
8315
4089
1678
8299
8257
7595
7136
6897
3430
8014
2912
1769
1727
7381
7638
4164
5488
9258
8874
3391
5555
9279
9110
3125
281
6390
3524
604
1984
9162
2749
1070
4178
1524
8447
6451
1073
8359
880
4218
5428
1786
4756
5380
4739
7183
3500
2610
6289
6840
2116
7377
7932
2124
1076
2850
4451
6688
7089
1355
1150
8231
1311
7006
2780
9760
814
6544
4976
229
508
778
3120
3708
7600
5834
7640
5458
1736
194
553
1408
493
1550