7528
7758
48
1116
6334
2858
1245
67
3070
4966
2089
6663
4787
8821
6825
2061
4766
1405
7532
9194
5705
5410
7941
8239
7058
5935
3824
9527
1387
6551
3935
3934
6550
255
9154
2005
7983
7562
3994
1128
2190
9556
8195
4265
2739
4370
7031
1047
6403
7883
7632
9038
3087
656
8709
5849
5640
5560
3480
3486
1802
9903
6431
8350
6678
6878
6896
6673
7021
9604
4299
5279
8532
4742
4036
697
8722
2409
8914
3242
2260
311
6121
1476
8964
4172
304
9616
6271
1246
6749
5365
8903
4941
2509
7560
1993
1698
2311
8629
4731
3309
1593
6338
9584
5941
3745
3089
9568
648
5605
9272
9290
396
2526
8694
4482
7177
2136
1208
4592
6409
3182
6526
4512
9491
9496
270
6831
2912
5985
3891
6648
5542
9043
6898
4078
8745
5286
6202
2705
4637
7147
6344
7764
4864
5533
8422
1720
4018
9957
1030
323
7188
6410
1029
2830
3557
6150
3808
3086
6962
7678
6155
9894
9505
4544
9676
7892
5789
2936
1064
4615
565
3883
4536
6615
6696
3281
211
5673
3403
8875
8879
2288
253
9329
336
6943
2091
5754
7083
1704
3708
6580
3642
639
7559
247
9265
2405
4360
2430
2057
6398
5383
9413
3085
8367
335
4391
7114
3495
3484
9797
8294
6304
3191
9943
9511
5626
5792
99
4250
9717
8090
7858
5022
2334
1081
1115
8578
6756
6408
9762
1509
9348
1779
1763
1380
2196
6024
4395
7821
9670
1134
883
3261
6877
8627
5923
9669
674
1009
6366
2629
8382
1644
549
4444
838
6833
7373
4162
7698
4409
5108
8156
9480
3040
6640
9591
397
7391
3538
4402
8646
6852
4950
5153
2254
7349
4691
3731
279
2523
6297
965
1854
1541
7509
2571
8802
7709
7407
3143
3112
3838
6392
9001
5957
2743
1422
3045
4582
6393
3307
3362
8479
7946
1177
7097
2094
8071
2119
1289
6511
4914
5307
9205
1022
7104
6008
9248
1931
4750
1254
1346
5771
6349
9206
42
2886
2104
4466
8643
2868
3246
5578
2270
2324
2727
5814
1205
5194
7959
8368
8304
3023
4049
4007
7639
2855
682
2634
6275
3273
7978
958
5195
671
1147
8223
1494
6341
5259
8384
7844
8072
7920
9647
2687
7846
7408
2895
3051
326
9372
7004
8695
2941
6573
9718
7664
1953
6752
6037
5975
361
8927
7823
719
4293
1975
2985
6590
9790
6406
3347
7013
6518
1538
5603
6019
7506
5651
9668
8835
5523
1816
5571
7956
5708
6303
8820
9003
8433
4883
9337
7171
6527
3077
9994
8396
4635
273
2598
3961
4140
6028
4587
1461
2785
8497
5149
3813
8340
5915
5148
8226
7895
824
6570
1624
8526
6514
7227
9614
71
6576
8897
3349
2301
3279
3656
9873
4357
5996
510
8315
4165
7060
5587
7521
2373
4519
4773
1755
4977
1378
7226
2949
2665
7078
8026
47
8913
4119
2550
2648
339
422
4253
1237
7169
7268
322
290
7397
8979
2128
5550
7605
8492
1203
857
5475
3009
302
2331
5025
5011
8172
6700
9180
4188
248
4349
3826
7115
4709
8796
9214
8357
6007
5785
3568
7030
3102
4891
9934
7281
1104
3884
5301
4646
7825
2709
3440
4290
1765
2359
7111
3447
7768
7086
2352
479
2393
558
6045
561
6887
3408
2441
7255
3875
9424
3145
5285
2173
3552
1231
7163
2596
7677
6266
2997
9915
1896
1121
8241
2792
4593
7102
4182
9515
4229
3372
2242
3185
9791
5399
217
1668
9765
843
8197
202
930
5402
9013
8882
4718
7745
6614
126
1888
2624
7690
6021
9600
4340
6828
1330
1795
7613
4368
7431
621
8006
4337
5069
2626
7061
3099
7604
1344
6645
2563
95
2193
8134
7600
7913
2732
3962
3638
5355
3341
5074
1284
5815
8630
3200
8276
5928
2667
920
4459
6446
9886
2566
6063
6131
3385
3689
3225
6064
6434
1406
2082
6191
4688
6613
6140
3118
6280
81
7069
156
963
9378
7360
4437
7743
362
3148
5680
918
4929
4019
2736
8940
278
5850
5516
3024
25
8544
1821
7952
3052
6041
1376
69
1608
9088
1666
8878
3369
3132
8760
2662
9740
2908
8990
4033
7254
6122
8036
6020
3606
9233
9099
8894
4834
1407
6339
3042
328
678
9032
4870
7311
9249
6622
4638
9012
6162
8819
3812
7575
6951
5019
4752
4309
1268
700
5613
3315
1788
2806
1339
7863
486
4338
3208
6601
7788
9510
275
623
5716
6944
6105
9176
7971
1772
2773
4530
5473
9871
260
6444
4456
4911
1908
468
4608
8637
4514
244
6415
4377
7869
4978
4000
9326
625
5500
9819
7001
1158
9059
5437
3786
9898
9355
4373
1918
2579
2604
4160
9631
1843
9258
4746
4214
464
7173
9569
5099
3773
8104
1429
8290
1558
8322
6721
2118
9559
2475
2533
3378
2875
6724
5857
8044
7566
8650
7338
993
5043
8542
2841
3084
208
8782
5677
862
8127
9044
8486
8329
3866
8499
4882
1467
1248
5109
5026
1071
2684
1642
6302
5885
4828
3043
5187
5868
8812
4594
2900
1580
9215
9818
3057
4967
1468
51
1830
1462
1557
660
4012
5907
8131
5731
7142
739
1717
7175
7497
2228
7800
5686
7176
2169
3916
5386
3011
5118
7233
6730
9854
8623
9021
6076
8216
1031
8136
6172
5155
6152
9939
5955
9116
9983
9850
7875
7022
2696
8842
5015
2158
8450
2618
6932
1425
6039
2297
8517
6827
9287
4912
8798
4467
3618
7062
3286
8736
1697
6073
950
4634
1891
3822
3858
2370
9503
5782
9467
846
1383
7853
3298
257
8378
5878
8392
1311
1133
9443
8091
4159
8360
6533
8869
1412
2583
6566
6619
926
8405
8730
5317
6043
7336
9079
5419
1695
7880
4227
6929
7316
4826
8394
1456
2144
1446
28
8
9989
1090
1002
8025
5854
7958
5113
8680
9002
8112
1250
6490
6348
1255
3986
2346
1098
6250
2106
2076
1937
8817
5244
3157
7888
7636
232
7025
2358
10
7933
4720
1457
2794
3901
759
8058
6589
6593
2603
5144
615
9810
2513
3998
5470
2843